0.010277777777777778 21
0.014722222222222222 23
0.01888888888888889 24
0.023333333333333334 20
0.027777777777777776 21
0.03222222222222222 20
0.03638888888888889 20
0.04055555555555555 19
0.04472222222222222 21
0.048888888888888885 22
0.05305555555555556 22
0.05722222222222222 20
0.061388888888888896 22
0.06583333333333334 20
0.06999999999999999 18
0.07416666666666666 19
0.07833333333333334 17
0.0825 17
0.08666666666666666 17
0.09083333333333332 17
0.09527777777777777 16
0.09944444444444445 19
0.10361111111111111 16
0.10777777777777778 18
0.11222222222222222 18
0.1163888888888889 17
0.12055555555555555 19
0.125 21
0.12916666666666668 19
0.13333333333333333 18
0.1375 18
0.14166666666666666 20
0.14583333333333334 17
0.15 18
0.15416666666666667 19
0.1586111111111111 17
0.16277777777777777 19
0.16694444444444442 17
0.1711111111111111 19
0.17555555555555555 16
